15630
51097
51085
16193
40289
40291
40257
51123
51127
40275
51129
51131
40265
51109
51121
51115
15639
31467
51117
51137
51095
51087
51091
51099
51103
38905
38915
38917
51135
15572
15578
38941
40269
38945
15577
38949
61479
40267
15576
39915
39917
38971
38981
38985
38991
39013
39021
39033
51111
40261
39039
39043
39045
40713
47225
47227
47229
47231
40709
40707
40703
47241
47257
47259
47263
47265
47267
47269
47271
47273
47275
47205
47207
47209
47211
47213
47217
40701
47219
40699
47121
60059
60061
61463
61473
61465
42809
27747
27737
27733
27745
42813
27743
42815
42817
42811
27741
42819
27735
27749
27751
27753
27755
42821
27757
36543
32275
60057
60067
28847
60063
60065
41499
40279
48269
51747
39063
39079
39085
39091
39093
51133
39103
59743
59745
59747
59749
59751
42709
61477
60773
16194
48263
60771
48255
60775
48265
